1 2018 1 60
1 2018 2 45
1 2018 3 30
1 2018 4 55
1 2018 5 60
1 2018 6 72
1 2018 7 40
1 2018 9 20
1 2018 10 40
1 2018 12 48
1 2019 1 50
1 2019 2 40
1 2019 3 45
1 2019 6 40
1 2019 7 60
1 2019 8 80
1 2019 9 54
1 2019 12 15
2 2019 1 40
2 2019 2 40
2 2019 3 50
2 2019 4 40
2 2019 5 40
2 2019 6 40
2 2019 7 40
2 2019 8 40
2 2019 9 40
2 2019 10 40
2 2019 11 40
2 2019 12 40
2 2020 1 100
2 2020 2 60
2 2020 3 60
2 2020 4 60
2 2020 5 60
2 2020 6 60
2 2020 7 60
2 2020 8 60
2 2020 9 60
2 2020 10 60
2 2020 11 60
2 2020 12 60
3 2018 1 60
3 2018 2 45
3 2018 3 30
3 2018 4 55
3 2018 5 60
3 2018 6 72
3 2018 7 40
3 2018 9 20
3 2018 10 40
3 2018 12 48
3 2019 1 50
3 2019 2 40
3 2019 3 45
3 2019 6 40
3 2019 7 60
3 2019 8 80
3 2019 9 54
3 2019 12 15
